日期,开盘,收盘,最高,最低,成交量
2021-03-01,12.98,13.38,13.43,12.85,8502033.0
2021-03-02,13.45,13.23,13.48,13.15,6139800.0
2021-03-03,13.17,13.24,13.28,13.13,4479473.0
2021-03-04,13.14,13.17,13.43,13.12,6616552.0
2021-03-05,13.04,13.22,13.29,12.99,4409477.0
2021-03-08,13.31,12.74,13.33,12.65,7518727.0
2021-03-09,12.71,12.25,12.8,12.18,6352724.0
2021-03-10,12.37,11.99,12.5,11.91,5617423.0
2021-03-11,12.07,12.34,12.42,11.95,4406846.0
2021-03-12,12.34,12.24,12.37,12.08,3733682.0
2021-03-15,12.34,12.4,12.46,12.22,4370179.0
2021-03-16,12.34,12.47,12.53,12.29,3384506.0
2021-03-17,12.55,12.39,12.56,12.26,5196900.0
2021-03-18,12.64,12.89,13.03,12.64,9948988.0
2021-03-19,12.77,13.03,13.21,12.73,10357243.0
2021-03-22,12.97,13.25,13.35,12.93,8504127.0
2021-03-23,13.24,13.24,13.35,13.1,6045280.0
2021-03-24,13.16,13.1,13.34,12.92,5785463.0
2021-03-25,13.05,13.16,13.24,12.89,4992564.0
2021-03-26,13.12,13.21,13.26,13.1,4617905.0
2021-03-29,13.22,13.34,13.65,13.15,8427606.0
2021-03-30,13.28,13.4,13.66,13.16,6667888.0
2021-03-31,13.36,13.27,13.36,13.04,5386998.0
2021-04-01,13.27,13.13,13.29,13.08,3820219.0
2021-04-02,13.14,13.05,13.23,13.03,3620700.0
2021-04-06,13.05,13.34,13.38,13.05,4786828.0
2021-04-07,13.23,13.2,13.27,13.09,3930201.0
2021-04-08,13.18,13.08,13.3,13.08,3848311.0
2021-04-09,13.07,13.33,13.53,13.06,8206753.0
2021-04-12,13.29,13.09,13.68,13.06,9336545.0
2021-04-13,13.01,12.87,13.15,12.82,5422744.0
2021-04-14,12.91,13.34,13.52,12.85,6245404.0
2021-04-15,13.32,13.4,13.46,13.17,4023050.0
2021-04-16,13.39,13.44,13.52,13.26,4807197.0
2021-04-19,13.55,13.88,13.94,13.43,9198041.0
2021-04-20,13.81,13.67,13.87,13.66,5388711.0
2021-04-21,13.7,13.58,13.74,13.52,4095520.0
2021-04-22,13.6,13.57,13.74,13.5,3820407.0
2021-04-23,13.59,13.32,13.59,13.14,5900365.0
2021-04-26,13.38,13.54,13.73,13.26,5856096.0
2021-04-27,13.5,13.29,13.5,13.16,4226062.0
2021-04-28,13.24,13.08,13.31,13.02,3944193.0
2021-04-29,13.09,13.08,13.23,12.98,2848768.0
2021-04-30,13.12,12.86,13.16,12.8,4202601.0
2021-05-06,12.88,13.05,13.12,12.72,2948366.0
2021-05-07,13.0,12.8,13.13,12.77,3203815.0
2021-05-10,12.78,12.62,12.86,12.56,3017713.0
2021-05-11,12.63,12.8,12.88,12.57,2449708.0
2021-05-12,12.75,12.78,12.89,12.67,2786850.0
2021-05-13,12.68,12.73,12.88,12.68,2469742.0
2021-05-14,12.75,12.99,13.04,12.71,3744764.0
2021-05-17,13.02,12.87,13.13,12.84,3510151.0
2021-05-18,12.88,13.12,13.15,12.7,5427129.0
2021-05-19,13.06,12.99,13.19,12.97,3973574.0
2021-05-20,12.92,12.85,13.08,12.83,3904999.0
2021-05-21,12.85,12.58,12.95,12.57,3952570.0
2021-05-24,12.62,12.96,13.05,12.62,5449262.0
2021-05-25,13.0,13.19,13.2,12.8,5410254.0
2021-05-26,13.19,13.5,13.75,13.16,10300332.0
2021-05-27,13.5,13.57,13.65,13.38,5537716.0
2021-05-28,13.63,13.53,13.75,13.4,4827805.0
2021-05-31,13.44,14.27,14.3,13.44,11838176.0
2021-06-01,14.27,14.1,14.38,14.0,6338529.0
2021-06-02,14.07,13.88,14.15,13.8,4937588.0
2021-06-03,13.92,14.2,14.45,13.75,9018747.0
2021-06-04,14.06,14.81,14.98,13.98,13592197.0
2021-06-07,15.02,15.14,15.49,14.88,12952647.0
2021-06-08,15.09,15.23,15.31,14.83,7936984.0
2021-06-09,15.3,15.11,15.42,14.83,6959692.0
2021-06-10,15.11,15.11,15.28,14.93,4756310.0
2021-06-11,15.03,14.83,15.11,14.7,5752802.0
2021-06-15,14.91,14.87,15.07,14.6,5326431.0
2021-06-16,14.9,14.99,15.09,14.63,4630973.0
2021-06-17,14.93,14.86,15.0,14.44,8285956.0
2021-06-18,14.9,15.05,15.3,14.78,5996324.0
2021-06-21,15.18,15.37,15.42,14.94,6131247.0
2021-06-22,15.35,15.45,15.71,15.17,7224808.0
2021-06-23,15.4,15.35,15.6,15.2,3562921.0
2021-06-24,15.42,15.16,15.5,15.04,5368203.0
2021-06-25,15.24,15.07,15.32,14.95,5630225.0
2021-06-28,15.02,15.31,15.5,15.02,4330636.0
2021-06-29,15.29,15.17,15.59,15.13,5170813.0
2021-06-30,15.23,15.2,15.34,15.13,3263335.0
2021-07-01,15.21,14.55,15.32,14.5,6609885.0
2021-07-02,14.7,14.63,14.75,14.38,3548874.0
2021-07-05,14.63,14.92,14.99,14.56,4865030.0
2021-07-06,14.91,15.14,15.31,14.76,5366043.0
2021-07-07,15.71,16.35,16.95,15.66,18395831.0
2021-07-08,16.32,16.97,17.48,16.13,18721055.0
2021-07-09,17.0,16.92,17.62,16.64,18894176.0
2021-07-12,16.9,16.29,16.99,16.23,13251827.0
2021-07-13,16.39,15.97,16.46,15.78,11673238.0
2021-07-14,15.86,15.55,15.92,15.31,11250354.0
2021-07-15,15.67,15.67,15.89,15.42,7085241.0
2021-07-16,15.58,16.09,16.45,15.41,12966324.0
2021-07-19,16.22,16.01,16.72,15.79,13142391.0
2021-07-20,15.88,16.58,16.92,15.62,14394663.0
2021-07-21,16.56,16.55,16.69,16.31,7760923.0
2021-07-22,16.7,16.29,16.7,16.08,6875560.0
2021-07-23,16.15,16.49,16.65,15.9,9333156.0
2021-07-26,16.46,16.97,17.38,16.38,17984702.0
2021-07-27,16.78,15.89,17.25,15.8,13418669.0
2021-07-28,15.95,14.77,16.15,14.62,14135502.0
2021-07-29,15.06,15.54,15.91,15.0,13101608.0
2021-07-30,15.52,15.53,15.68,15.35,6961307.0
2021-08-02,15.54,16.99,17.0,15.31,14596128.0
2021-08-03,17.15,16.57,17.15,16.46,7911563.0
2021-08-04,16.5,17.61,17.88,16.5,12321034.0
2021-08-05,17.5,17.71,17.99,17.3,12654031.0
2021-08-06,17.59,18.66,18.89,17.44,19520670.0
2021-08-09,18.83,18.77,19.77,18.47,24162025.0
2021-08-10,18.48,19.65,20.56,18.47,29325591.0
2021-08-11,19.3,19.45,19.9,19.01,16674579.0
2021-08-12,19.18,18.91,19.63,18.58,15955457.0
2021-08-13,18.91,19.66,20.23,18.85,18603042.0
2021-08-16,19.59,19.3,20.69,18.98,15390673.0
2021-08-17,19.38,19.02,19.88,18.86,12231235.0
2021-08-18,19.02,19.41,19.99,18.9,12829679.0
2021-08-19,19.42,20.8,21.18,18.85,25323112.0
2021-08-20,20.3,19.94,20.69,19.6,15781532.0
2021-08-23,20.0,20.95,21.34,20.0,18217457.0
2021-08-24,20.05,20.6,20.75,19.6,18911234.0
2021-08-25,20.4,20.0,20.88,19.61,16809854.0
2021-08-26,19.85,19.69,20.7,19.41,13382152.0
2021-08-27,19.4,19.6,20.07,19.0,13337656.0
2021-08-30,19.32,20.09,20.5,19.32,14841863.0
2021-08-31,20.0,19.93,20.47,19.66,9853207.0
2021-09-01,19.92,18.58,19.97,17.53,21065451.0
2021-09-02,18.48,18.98,19.1,18.45,11810839.0
2021-09-03,18.99,18.19,19.0,17.62,13150021.0
2021-09-06,18.15,18.3,18.35,17.61,7870166.0
2021-09-07,18.3,18.58,18.89,18.2,8616371.0
2021-09-08,18.55,18.09,18.7,17.95,8792915.0
2021-09-09,18.1,18.62,18.75,18.05,8953510.0
2021-09-10,18.6,18.3,18.6,17.88,10011334.0
2021-09-13,18.29,17.71,18.3,17.55,8639462.0
2021-09-14,17.68,17.59,18.15,17.4,6935532.0
2021-09-15,17.5,17.4,17.73,17.0,9346172.0
2021-09-16,17.35,16.92,17.5,16.75,6647938.0
2021-09-17,16.93,16.57,17.21,16.24,6681897.0
2021-09-22,16.43,16.9,17.0,16.27,5795447.0
2021-09-23,16.88,17.02,17.16,16.71,5275195.0
2021-09-24,16.95,16.61,17.05,16.52,4077773.0
2021-09-27,16.59,16.08,16.73,15.85,6226462.0
2021-09-28,16.04,16.1,16.3,16.04,3613725.0
2021-09-29,15.95,15.55,16.13,15.48,5022279.0
2021-09-30,15.73,15.72,15.79,15.55,2782450.0
2021-10-08,15.75,15.9,16.08,15.75,4424159.0
2021-10-11,15.91,16.09,16.43,15.72,10431915.0
2021-10-12,16.02,15.26,16.11,15.12,9922822.0
2021-10-13,14.7,14.78,15.08,14.5,11191428.0
2021-10-14,14.94,15.11,15.45,14.81,10916100.0
2021-10-15,15.19,15.24,15.5,15.1,5733793.0
2021-10-18,15.19,15.4,15.55,15.13,6301000.0
2021-10-19,15.34,15.44,15.54,15.2,4522400.0
2021-10-20,15.36,15.58,15.6,15.1,4755390.0
2021-10-21,15.5,15.28,15.5,15.11,5077283.0
2021-10-22,15.34,15.2,15.34,15.04,4686598.0
2021-10-25,15.1,15.51,15.58,14.75,8924715.0
2021-10-26,15.35,15.39,15.72,15.33,6776917.0
2021-10-27,15.4,14.22,15.65,14.05,19566129.0
2021-10-28,14.17,14.03,14.38,13.71,11821043.0
2021-10-29,14.02,14.29,14.41,13.93,8856023.0
2021-11-01,14.21,15.09,15.16,14.21,13000600.0
2021-11-02,15.27,15.65,15.79,15.27,17185447.0
2021-11-03,15.66,15.34,15.69,15.14,9356600.0
2021-11-04,15.3,15.69,15.84,15.23,11701325.0
2021-11-05,15.65,15.58,16.07,15.56,11180303.0
2021-11-08,15.58,15.03,15.65,14.7,16513007.0
2021-11-09,14.94,16.11,16.36,14.91,22211682.0
2021-11-10,16.03,16.54,16.56,15.8,21138415.0
2021-11-11,16.44,16.35,16.64,16.23,13383550.0
2021-11-12,16.41,16.91,16.99,16.26,17166251.0
2021-11-15,17.11,16.75,17.35,16.68,14774705.0
2021-11-16,16.7,16.15,16.8,16.07,14668012.0
2021-11-17,16.2,16.38,16.51,16.11,9180550.0
2021-11-18,16.26,16.58,16.76,16.05,12697958.0
2021-11-19,16.43,17.08,17.09,16.41,14715853.0
2021-11-22,17.2,17.04,17.57,16.9,14781828.0
2021-11-23,16.88,17.07,17.35,16.85,10274624.0
2021-11-24,17.06,16.68,17.14,16.62,9723103.0
2021-11-25,16.67,17.16,17.38,16.65,15149962.0
2021-11-26,17.16,16.9,17.37,16.85,8874866.0
2021-11-29,16.65,17.65,17.74,16.58,14666401.0
2021-11-30,17.67,17.86,18.1,17.48,17856820.0
2021-12-01,17.8,17.6,17.95,17.54,11110178.0
2021-12-02,17.6,17.27,17.65,17.1,9798850.0
2021-12-03,17.27,17.99,18.05,17.26,13779978.0
2021-12-06,17.8,17.97,18.16,17.52,15121628.0
2021-12-07,17.82,17.18,18.0,16.76,15023141.0
2021-12-08,17.14,17.9,18.25,17.13,16657301.0
2021-12-09,17.89,17.69,18.05,17.51,10758640.0
2021-12-10,17.6,17.29,17.6,17.16,12095588.0
2021-12-13,17.2,17.15,17.24,16.88,9952129.0
2021-12-14,17.02,17.26,17.44,17.02,9587302.0
2021-12-15,17.13,17.0,17.37,16.91,7485121.0
2021-12-16,17.03,18.08,18.27,17.03,20175339.0
2021-12-17,17.95,17.42,18.07,17.23,16107343.0
2021-12-20,17.28,16.6,17.38,16.44,12998161.0
2021-12-21,16.65,16.79,16.84,16.47,6367602.0
2021-12-22,16.81,16.87,17.11,16.66,7072383.0
2021-12-23,16.8,16.79,17.07,16.57,6583661.0
2021-12-24,16.85,16.64,16.94,16.44,5253553.0
2021-12-27,16.64,16.63,16.84,16.54,4190928.0
2021-12-28,16.66,16.89,16.94,16.53,4751957.0
2021-12-29,16.87,16.97,17.22,16.8,6903363.0
2021-12-30,16.98,17.54,17.79,16.89,15312386.0
2021-12-31,17.6,17.68,17.82,17.38,13171047.0
2022-01-04,17.68,17.66,17.95,17.45,12272161.0
2022-01-05,17.85,16.8,17.86,16.63,15603105.0
2022-01-06,16.55,16.27,16.7,16.01,12457780.0
2022-01-07,16.3,15.66,16.42,15.6,12716638.0
2022-01-10,15.71,16.05,16.12,15.61,7183239.0
2022-01-11,16.05,15.64,16.11,15.59,6428831.0
2022-01-12,15.72,15.93,16.03,15.7,4721980.0
2022-01-13,16.02,15.39,16.03,15.38,9036558.0
2022-01-14,15.42,15.43,15.7,15.34,5859500.0
2022-01-17,15.48,15.85,16.07,15.46,7617260.0
2022-01-18,15.85,15.71,15.97,15.62,6512203.0
2022-01-19,15.7,15.36,15.79,15.24,6926838.0
2022-01-20,15.44,15.12,15.49,15.05,5760800.0
2022-01-21,15.12,15.15,15.34,14.81,5783260.0
2022-01-24,15.03,15.19,15.32,15.01,3776500.0
2022-01-25,15.23,14.41,15.45,14.39,6938763.0
2022-01-26,14.45,14.55,14.73,14.43,3392243.0
2022-01-27,14.47,14.39,14.65,14.38,3726359.0
2022-01-28,14.43,14.49,14.72,14.12,3914321.0
2022-02-07,14.75,14.64,14.93,14.53,4128700.0
2022-02-08,14.7,15.02,15.05,14.6,4491101.0
2022-02-09,15.02,15.18,15.2,14.88,3727300.0
2022-02-10,15.2,15.03,15.39,14.98,4554825.0
2022-02-11,14.99,14.67,15.11,14.6,5030100.0
2022-02-14,14.61,14.91,15.09,14.61,3790768.0
2022-02-15,14.85,15.07,15.07,14.81,2946464.0
2022-02-16,15.05,15.09,15.13,14.9,2677530.0
2022-02-17,15.09,14.98,15.19,14.92,3216500.0
2022-02-18,14.91,14.91,14.94,14.71,2739200.0
2022-02-21,14.88,15.04,15.04,14.88,3188856.0
2022-02-22,15.05,14.91,15.22,14.87,3777106.0
2022-02-23,14.88,15.25,15.29,14.87,5802300.0
2022-02-24,15.15,15.38,15.62,15.09,11360092.0
2022-02-25,15.21,15.19,15.3,15.08,6325404.0
2022-02-28,15.15,15.19,15.38,15.07,5099467.0
2022-03-01,15.18,15.44,15.49,15.12,5428500.0
2022-03-02,15.32,15.24,15.35,15.13,3955204.0
2022-03-03,15.25,14.96,15.27,14.9,4531792.0
2022-03-04,14.99,14.52,14.99,14.48,4925728.0
2022-03-07,14.59,14.44,14.62,14.27,4024823.0
2022-03-08,14.42,14.0,14.5,13.8,5848916.0
2022-03-09,14.0,13.66,14.06,12.8,6611682.0
2022-03-10,13.87,13.71,14.11,13.7,4610765.0
2022-03-11,13.54,13.91,13.95,13.31,3793478.0
2022-03-14,13.77,13.68,14.19,13.6,3469978.0
2022-03-15,13.6,12.85,13.7,12.84,4916878.0
2022-03-16,13.05,13.19,13.27,12.5,4693357.0
2022-03-17,13.29,13.37,13.62,13.2,4081671.0
2022-03-18,13.31,13.39,13.45,13.18,2661600.0
2022-03-21,13.36,13.5,13.55,13.34,3174600.0
2022-03-22,13.56,13.44,13.69,13.33,3191868.0
2022-03-23,13.48,13.63,13.82,13.4,6135390.0
2022-03-24,13.57,13.3,13.59,13.22,3945130.0
2022-03-25,13.44,13.05,13.45,13.02,3796814.0
2022-03-28,12.88,13.0,13.17,12.7,3034081.0
2022-03-29,13.01,12.79,13.17,12.78,3250796.0
2022-03-30,12.85,13.1,13.1,12.8,2941679.0
2022-03-31,13.08,13.01,13.25,12.93,4282202.0
2022-04-01,13.0,12.95,13.05,12.83,3052214.0
2022-04-06,12.98,13.25,13.31,12.96,3825304.0
2022-04-07,13.2,13.35,13.61,13.17,6363867.0
2022-04-08,13.27,13.21,13.38,12.58,6618679.0
2022-04-11,13.3,12.83,13.3,12.72,4597559.0
2022-04-12,12.78,13.04,13.04,12.56,4563050.0
2022-04-13,13.0,12.83,13.07,12.81,2813925.0
2022-04-14,12.86,12.95,13.05,12.81,3507174.0
2022-04-15,12.87,13.12,13.12,12.75,6956150.0
2022-04-18,12.95,13.13,13.15,12.78,4443162.0
2022-04-19,13.1,13.39,13.39,13.05,5047636.0
2022-04-20,13.3,13.13,13.42,13.04,4921275.0
2022-04-21,13.01,12.82,13.2,12.8,4764990.0
2022-04-22,12.7,12.65,12.92,12.55,3007650.0
2022-04-25,12.44,11.05,12.44,10.97,8115812.0
2022-04-26,11.07,10.51,11.28,10.48,7301839.0
2022-04-27,10.4,10.95,10.96,10.17,7391639.0
2022-04-28,10.5,9.35,10.5,9.22,21780825.0
2022-04-29,9.43,9.6,9.71,9.4,20989724.0
2022-05-05,9.6,9.84,10.03,9.47,15070666.0
2022-05-06,9.6,9.6,9.87,9.46,12505900.0
2022-05-09,9.61,9.69,9.85,9.54,11853775.0
2022-05-10,9.5,9.65,9.73,9.46,15680385.0
2022-05-11,9.66,9.76,10.07,9.63,22589500.0
2022-05-12,9.7,9.74,9.89,9.52,13504500.0
2022-05-13,9.76,9.92,9.93,9.66,11341412.0
2022-05-16,9.95,10.04,10.25,9.9,13049765.0
2022-05-17,10.03,10.46,10.68,9.85,20863633.0
2022-05-18,10.44,10.51,10.71,10.35,20027333.0
2022-05-19,10.3,10.54,10.55,10.28,12898498.0
2022-05-20,10.58,10.69,10.75,10.46,14957645.0
2022-05-23,10.72,10.69,10.73,10.57,10308963.0
2022-05-24,10.69,10.2,10.95,10.2,17715153.0
2022-05-25,10.24,10.45,10.45,10.17,9362382.0
2022-05-26,10.48,10.91,11.15,10.38,21952618.0
2022-05-27,11.29,10.95,11.3,10.78,21799830.0
2022-05-30,11.12,11.51,11.51,10.94,23664348.0
2022-05-31,11.39,11.35,11.43,11.24,16989950.0
2022-06-01,11.3,11.44,11.5,11.24,15163850.0
2022-06-02,11.36,11.45,11.51,11.19,12645635.0
2022-06-06,11.47,11.54,11.65,11.42,14762773.0
2022-06-07,11.52,11.43,11.55,11.25,11873118.0
2022-06-08,11.42,11.31,11.45,11.06,10318238.0
2022-06-09,11.41,11.15,11.41,11.07,9636728.0
2022-06-10,11.16,11.42,11.45,11.13,9700648.0
2022-06-13,11.43,11.22,11.66,11.13,14350655.0
2022-06-14,11.03,10.82,11.1,10.5,14797183.0
2022-06-15,10.76,10.89,11.14,10.75,11601594.0
2022-06-16,10.85,10.89,11.06,10.83,6860661.0
2022-06-17,10.8,10.88,10.93,10.61,8543900.0
2022-06-20,10.92,11.15,11.17,10.88,10561746.0
2022-06-21,11.15,10.85,11.19,10.75,11074289.0
2022-06-22,10.96,10.86,11.28,10.84,18754300.0
2022-06-23,10.72,11.19,11.2,10.72,14658742.0
2022-06-24,11.29,11.47,11.72,11.2,20028310.0
2022-06-27,11.54,11.48,11.61,11.32,11653080.0
2022-06-28,11.4,12.02,12.07,11.4,19587895.0
2022-06-29,11.93,11.6,12.06,11.54,14620729.0
2022-06-30,11.65,11.68,11.74,11.58,11051590.0
2022-07-01,11.7,11.59,11.92,11.51,9698307.0
2022-07-04,11.63,11.69,11.75,11.32,10174596.0
2022-07-05,11.69,11.56,11.7,11.3,9417146.0
2022-07-06,11.48,11.39,11.59,11.29,6804228.0
2022-07-07,11.35,11.62,11.69,11.34,8934400.0
2022-07-08,11.55,11.75,11.89,11.53,10687900.0
2022-07-11,11.7,11.51,11.76,11.35,8433203.0
2022-07-12,11.48,11.09,11.48,11.03,9444903.0
2022-07-13,11.06,11.08,11.18,10.9,5834975.0
2022-07-14,11.08,11.22,11.36,11.01,6172600.0
2022-07-15,11.19,11.1,11.33,11.1,6405232.0
2022-07-18,11.04,11.29,11.29,11.04,6035300.0
2022-07-19,11.44,11.57,11.57,11.36,8813640.0
2022-07-20,11.55,11.93,12.07,11.5,16887224.0
2022-07-21,11.9,11.7,11.95,11.68,8913211.0
2022-07-22,11.8,11.67,11.88,11.47,8363309.0
2022-07-25,11.84,11.5,11.86,11.44,6240760.0
2022-07-26,11.43,11.57,11.57,11.31,4985609.0
2022-07-27,11.51,11.74,11.8,11.45,7254841.0
2022-07-28,11.77,12.09,12.28,11.7,14387443.0
2022-07-29,12.12,11.95,12.13,11.82,9263150.0
2022-08-01,12.03,12.2,12.28,11.89,12287500.0
2022-08-02,12.31,11.89,12.45,11.68,17539933.0
2022-08-03,11.82,12.14,12.57,11.77,27146565.0
2022-08-04,12.17,12.03,12.26,11.87,12711129.0
2022-08-05,12.16,12.36,12.44,12.01,15280107.0
2022-08-08,12.29,12.53,12.55,12.11,13124773.0
2022-08-09,12.46,12.5,12.54,12.35,10803563.0
2022-08-10,12.5,12.36,12.52,12.28,9985672.0
2022-08-11,12.4,12.39,12.47,12.24,11153736.0
2022-08-12,12.31,12.15,12.41,12.12,10362700.0
2022-08-15,12.14,12.31,12.31,12.02,7511400.0
2022-08-16,12.22,12.18,12.31,12.09,7312881.0
2022-08-17,12.21,12.14,12.32,12.12,8047460.0
2022-08-18,12.1,12.17,12.17,11.92,7461918.0
2022-08-19,12.11,11.96,12.27,11.95,6930511.0
2022-08-22,11.89,11.9,11.99,11.66,6261476.0
2022-08-23,11.86,11.7,11.91,11.64,6695366.0
2022-08-24,11.73,11.02,11.74,11.0,10287971.0
2022-08-25,11.04,10.81,11.16,10.69,7994179.0
2022-08-26,10.85,10.64,10.94,10.6,7101349.0
2022-08-29,10.46,10.73,10.74,10.38,3918323.0
2022-08-30,10.66,10.77,10.84,10.58,5403623.0
2022-08-31,10.73,10.52,10.8,10.4,7013218.0
2022-09-01,10.48,10.39,10.58,10.34,4694825.0
2022-09-02,10.42,10.68,10.72,10.42,5469293.0
2022-09-05,10.63,10.63,10.75,10.54,3623700.0
2022-09-06,10.68,10.81,10.82,10.62,4123577.0
2022-09-07,10.75,10.79,10.82,10.69,3939500.0
2022-09-08,10.75,10.81,10.9,10.7,4389920.0
2022-09-09,10.82,10.8,10.87,10.7,3744448.0
2022-09-13,10.76,10.83,10.88,10.69,5123381.0
2022-09-14,10.6,10.71,10.8,10.55,4321234.0
2022-09-15,10.8,10.46,10.8,10.35,5980933.0
2022-09-16,10.51,10.18,10.61,10.12,4379935.0
2022-09-19,10.13,9.93,10.23,9.84,4934659.0
2022-09-20,10.0,10.03,10.14,9.92,3546283.0
2022-09-21,9.97,10.03,10.08,9.77,3373968.0
2022-09-22,10.02,10.16,10.3,9.98,3987053.0
2022-09-23,10.17,9.93,10.34,9.88,3903600.0
2022-09-26,9.86,9.6,9.95,9.6,4424800.0
2022-09-27,9.65,9.81,9.82,9.61,2777285.0
2022-09-28,9.8,9.47,9.89,9.47,3341000.0
2022-09-29,9.61,9.53,9.68,9.4,3024550.0
2022-09-30,9.53,9.29,9.54,9.28,3538200.0
2022-10-10,9.31,9.03,9.34,8.98,3551690.0
2022-10-11,9.02,9.12,9.16,8.92,2978400.0
2022-10-12,9.13,9.41,9.42,9.01,3811400.0
2022-10-13,9.34,9.53,9.65,9.32,4011660.0
2022-10-14,9.56,9.71,9.76,9.54,3367050.0
2022-10-17,9.77,10.06,10.07,9.68,5452500.0
2022-10-18,10.07,10.01,10.09,9.88,3954460.0
2022-10-19,10.01,9.92,10.03,9.91,2899200.0
2022-10-20,9.91,9.95,10.05,9.77,3375350.0
2022-10-21,9.98,9.95,10.06,9.88,2781250.0
2022-10-24,10.05,10.08,10.39,9.99,7429900.0
2022-10-25,10.05,10.22,10.29,9.98,5966788.0
2022-10-26,10.22,10.54,10.67,10.07,8562638.0
2022-10-27,10.54,10.48,10.63,10.4,4609700.0
2022-10-28,10.43,10.28,10.62,10.24,6435050.0
2022-10-31,10.26,10.59,10.69,10.25,5699200.0
2022-11-01,10.68,10.65,10.69,10.51,5528000.0
2022-11-02,10.65,10.68,10.81,10.57,6934800.0
2022-11-03,10.57,10.7,10.73,10.53,4061600.0
2022-11-04,10.74,10.8,10.84,10.65,5441300.0
2022-11-07,10.8,10.7,10.85,10.65,5774428.0
2022-11-08,10.66,10.8,10.82,10.64,4240800.0
2022-11-09,10.8,10.67,10.85,10.65,3986238.0
2022-11-10,10.58,10.48,10.67,10.45,4576918.0
2022-11-11,10.64,10.52,10.74,10.49,4344709.0
2022-11-14,10.56,10.51,10.69,10.44,3749187.0
2022-11-15,10.46,10.71,10.71,10.39,5106265.0
2022-11-16,10.7,10.81,10.95,10.65,5586650.0
2022-11-17,10.72,10.86,10.88,10.68,4479121.0
2022-11-18,10.87,11.09,11.49,10.85,13466952.0
2022-11-21,11.01,11.17,11.25,10.9,7480496.0
2022-11-22,11.09,11.09,11.42,11.0,7875685.0
2022-11-23,11.06,11.28,11.36,11.0,9552914.0
2022-11-24,11.3,10.68,11.32,10.64,13532057.0
2022-11-25,10.74,10.47,10.77,10.44,6158342.0
2022-11-28,10.4,10.32,10.43,10.24,5264027.0
2022-11-29,10.32,10.57,10.67,10.32,6136161.0
2022-11-30,10.58,10.76,10.78,10.52,5338348.0
2022-12-01,10.79,10.95,11.0,10.76,6377623.0
2022-12-02,10.92,10.85,11.03,10.83,4275312.0
2022-12-05,10.88,11.14,11.2,10.87,6641127.0
2022-12-06,11.06,11.13,11.18,11.01,4728052.0
2022-12-07,11.04,11.15,11.2,10.9,6987110.0
2022-12-08,11.1,10.93,11.16,10.91,3952944.0
2022-12-09,10.96,11.17,11.2,10.94,7156920.0
2022-12-12,11.16,11.07,11.16,10.9,4490965.0
2022-12-13,11.04,10.82,11.04,10.81,4169237.0
2022-12-14,10.85,10.66,10.94,10.64,4316600.0
2022-12-15,10.76,10.78,10.87,10.62,3221818.0
2022-12-16,10.74,10.54,10.82,10.49,3440300.0
2022-12-19,10.56,10.38,10.67,10.32,3084902.0
2022-12-20,10.35,10.42,10.56,10.35,2168035.0
2022-12-21,10.44,10.12,10.44,10.04,3586592.0
2022-12-22,10.12,10.05,10.27,10.0,2295209.0
2022-12-23,9.96,9.97,10.07,9.86,2217517.0
2022-12-26,9.97,10.32,10.32,9.95,3008579.0
2022-12-27,10.35,10.32,10.37,10.2,2279971.0
2022-12-28,10.3,10.23,10.33,10.16,2147186.0
2022-12-29,10.25,10.32,10.4,10.16,2369536.0
2022-12-30,10.35,10.26,10.44,10.18,4212800.0
2023-01-03,10.26,10.56,10.62,10.25,4518920.0
2023-01-04,10.53,10.62,10.72,10.51,3701073.0
2023-01-05,10.58,10.7,10.72,10.54,3861576.0
2023-01-06,10.69,10.65,10.8,10.62,2888684.0
2023-01-09,10.64,10.54,10.72,10.52,2935900.0
2023-01-10,10.63,10.53,10.65,10.47,2831750.0
2023-01-11,10.51,10.58,10.76,10.49,5112700.0
2023-01-12,10.58,10.58,10.58,10.58,
2023-01-13,10.58,10.58,10.58,10.58,
2023-01-16,10.58,10.58,10.58,10.58,
2023-01-17,10.58,10.58,10.58,10.58,
2023-01-18,10.58,10.58,10.58,10.58,
2023-01-19,10.58,10.58,10.58,10.58,
2023-01-20,10.58,10.58,10.58,10.58,
2023-01-30,10.58,10.58,10.58,10.58,
2023-01-31,10.58,10.58,10.58,10.58,
2023-02-01,10.58,10.58,10.58,10.58,
2023-02-02,12.7,12.7,12.7,12.7,1326049.0
2023-02-03,15.24,15.24,15.24,15.24,1042225.0
2023-02-06,18.29,18.29,18.29,18.29,987893.0
2023-02-07,21.95,21.95,21.95,21.95,1605730.0
2023-02-08,26.34,26.34,26.34,26.34,2005341.0
2023-02-09,31.61,31.61,31.61,31.61,2447233.0
2023-02-10,37.93,37.93,37.93,37.93,9631948.0
2023-02-13,45.52,45.52,45.52,45.52,56026627.0
2023-02-14,48.0,51.8,53.99,46.06,162547913.0
2023-02-15,49.6,54.18,55.88,48.84,90259060.0
2023-02-16,53.9,52.94,56.85,51.89,65930491.0
2023-02-17,53.6,52.9,54.32,52.48,48947416.0
2023-02-20,52.79,51.5,52.79,49.38,46997429.0
2023-02-21,50.93,54.97,55.5,50.51,60351280.0
2023-02-22,54.08,54.4,55.78,53.35,38450627.0
2023-02-23,54.4,50.86,55.29,50.77,52292676.0
2023-02-24,51.0,51.62,53.42,51.0,39656169.0
2023-02-27,51.0,50.11,52.5,49.68,33985824.0
2023-02-28,49.9,52.38,53.19,49.81,44148860.0
2023-03-01,51.88,52.38,54.99,51.58,50126274.0
2023-03-02,51.9,54.32,54.6,51.08,54270385.0
2023-03-03,54.8,53.14,55.12,52.7,41087804.0
2023-03-06,54.55,60.51,62.58,53.13,78162050.0
2023-03-07,59.3,59.7,62.38,58.53,55933217.0
2023-03-08,59.5,63.5,64.66,58.72,61105349.0
2023-03-09,62.95,62.36,63.88,61.5,39516137.0
2023-03-10,61.72,53.2,64.88,52.59,92552740.0
2023-03-13,51.5,52.98,54.96,51.5,51230745.0
2023-03-14,53.0,51.2,53.3,50.7,40587832.0
2023-03-15,51.33,51.64,52.0,50.04,29250372.0
2023-03-16,51.0,48.43,51.15,48.0,52838712.0
2023-03-17,48.72,48.22,49.24,47.6,34101433.0
2023-03-20,47.81,48.9,49.5,47.28,29593730.0
2023-03-21,49.68,50.38,52.2,49.39,52643827.0
2023-03-22,50.25,48.7,50.55,47.88,43071491.0
2023-03-23,48.21,51.61,52.3,47.8,47150625.0
2023-03-24,51.03,54.15,54.44,51.02,51090339.0
2023-03-27,54.6,55.54,56.25,52.06,54270941.0
2023-03-28,55.07,52.89,56.88,52.77,44438631.0
2023-03-29,51.85,50.91,52.08,50.03,38261993.0
2023-03-30,51.45,49.7,51.84,49.7,26825283.0
2023-03-31,49.66,49.97,50.33,49.27,21770758.0
2023-04-03,49.51,49.7,50.15,49.18,26773032.0
2023-04-04,49.5,52.94,53.19,48.5,50816875.0
2023-04-06,52.2,52.88,54.16,51.31,37291310.0
2023-04-07,52.88,50.57,53.13,50.52,29717185.0
2023-04-10,50.58,50.3,52.14,50.0,25066066.0
2023-04-11,50.05,49.5,50.18,48.77,20386341.0
2023-04-12,49.85,49.69,50.19,49.15,16015187.0
2023-04-13,49.3,49.2,50.88,49.2,18870948.0
2023-04-14,49.01,49.46,49.96,48.75,16062330.0
2023-04-17,49.03,49.35,50.46,48.29,19141925.0
2023-04-18,49.33,50.25,50.5,49.0,18760184.0
2023-04-19,50.4,49.77,50.83,49.19,20216344.0
2023-04-20,49.32,47.99,49.84,47.92,24045950.0
2023-04-21,47.75,48.8,50.4,47.71,29456861.0
2023-04-24,48.01,47.07,48.38,46.68,22189982.0
2023-04-25,47.07,46.85,47.5,45.51,16592679.0
2023-04-26,46.36,51.03,51.74,46.35,35267273.0
2023-04-27,50.61,48.9,51.25,48.51,25685314.0
2023-04-28,48.75,51.38,52.32,48.6,30710122.0
2023-05-04,50.29,48.91,50.65,48.38,25078533.0
2023-05-05,48.93,50.52,52.3,47.7,34338154.0
2023-05-08,50.5,51.64,53.19,50.41,34666609.0
2023-05-09,51.3,52.15,55.31,50.81,48349149.0
2023-05-10,51.0,49.78,51.25,49.54,28029461.0
2023-05-11,49.6,49.7,50.66,48.88,16586043.0
2023-05-12,49.31,48.2,50.12,48.17,17494829.0
2023-05-15,48.0,49.04,49.48,47.85,13781823.0
2023-05-16,48.8,48.42,49.28,48.21,11603571.0
2023-05-17,48.57,49.0,49.75,48.11,14364235.0
2023-05-18,48.53,49.19,49.77,48.47,14397041.0
2023-05-19,48.82,48.88,49.65,48.79,11352524.0
2023-05-22,48.59,48.18,48.98,47.9,10657617.0
2023-05-23,48.41,48.28,49.08,47.9,9361358.0
2023-05-24,48.28,48.12,48.6,47.95,7025132.0
2023-05-25,47.65,48.0,48.5,47.5,8999206.0
2023-05-26,48.0,48.81,49.3,47.72,13582706.0
2023-05-29,48.78,47.91,49.0,47.79,12202832.0
2023-05-30,47.52,47.55,47.92,46.71,13064044.0
2023-05-31,47.79,47.52,47.97,47.33,9246482.0
2023-06-01,47.14,46.9,47.86,46.66,12271407.0
2023-06-02,46.9,47.27,47.63,46.82,8721277.0
2023-06-05,47.39,47.2,47.68,47.09,7089431.0
2023-06-06,46.93,46.75,47.4,46.29,11174094.0
2023-06-07,46.75,46.73,47.24,46.56,6552322.0
2023-06-08,46.0,46.83,47.38,46.0,7669838.0
2023-06-09,46.7,47.08,47.3,46.62,7639957.0
2023-06-12,47.04,46.81,47.3,46.6,7279663.0
2023-06-13,46.96,47.21,47.75,46.42,9332463.0
2023-06-14,47.06,46.66,47.37,46.63,7390134.0
2023-06-15,46.66,46.65,46.91,46.5,7575442.0
2023-06-16,47.3,48.69,50.18,47.3,28130423.0
2023-06-19,48.02,47.8,48.69,47.66,14411920.0
2023-06-20,48.0,48.77,49.44,47.38,16954092.0
2023-06-21,48.7,47.86,49.2,47.5,12196044.0
2023-06-26,47.55,47.75,49.25,47.35,14600810.0
2023-06-27,47.6,47.15,48.49,47.11,11549329.0
2023-06-28,47.16,46.7,47.55,45.91,13992822.0
2023-06-29,46.7,49.2,50.16,46.38,30657042.0
2023-06-30,48.95,49.15,51.19,48.58,28695838.0
2023-07-03,49.55,49.77,50.79,49.09,19759483.0
2023-07-04,49.78,49.8,50.02,49.12,12413073.0
2023-07-05,49.69,49.47,50.38,49.32,12798351.0
2023-07-06,49.99,49.08,50.4,48.92,12761373.0
2023-07-07,48.8,48.17,49.04,47.89,9617624.0
2023-07-10,47.85,47.26,48.1,46.81,11266320.0
2023-07-11,47.15,47.8,47.8,47.0,6096858.0
2023-07-12,47.5,47.01,47.8,46.99,6383978.0
2023-07-13,46.9,47.23,47.4,46.8,5301919.0
2023-07-14,47.19,49.6,50.39,47.0,21518818.0
2023-07-17,48.6,48.24,48.99,48.11,11648591.0
2023-07-18,48.2,49.24,50.26,47.89,17627293.0
2023-07-19,49.25,49.15,49.79,48.63,9088240.0
2023-07-20,49.15,48.2,49.44,47.97,8911173.0
2023-07-21,47.22,48.18,49.44,47.2,11177414.0
2023-07-24,47.75,47.58,48.48,47.5,6683297.0
2023-07-25,47.81,47.97,48.88,47.71,8835300.0
2023-07-26,47.81,48.26,48.87,47.53,10367948.0
2023-07-27,56.0,57.91,57.91,54.6,68179024.0
2023-07-28,57.68,55.5,61.05,55.3,80400603.0
2023-07-31,55.5,55.88,57.7,52.68,60239457.0
2023-08-01,54.99,52.44,55.49,52.3,45381771.0
2023-08-02,52.44,50.96,52.73,50.3,37253560.0
2023-08-03,50.31,49.72,50.95,49.69,23942587.0
2023-08-04,49.19,49.23,49.94,48.87,24448100.0
2023-08-07,48.88,48.68,49.43,48.22,19394415.0
2023-08-08,48.56,48.1,48.84,48.01,13127629.0
2023-08-09,48.04,48.76,49.12,47.91,17763461.0
2023-08-10,48.5,47.83,48.75,47.76,14710564.0
2023-08-11,47.69,47.51,48.1,47.5,9559165.0
2023-08-14,47.4,48.31,48.65,47.27,11893766.0
2023-08-15,48.0,48.2,48.38,47.72,9144493.0
2023-08-16,48.2,46.68,48.2,46.68,15223490.0
2023-08-17,46.69,48.36,48.79,46.69,18258032.0
2023-08-18,48.18,47.74,48.72,47.67,11456852.0
2023-08-21,47.66,47.17,48.33,47.1,7981255.0
2023-08-22,47.04,47.6,47.84,46.8,8626696.0
2023-08-23,48.0,43.96,48.38,43.6,27264106.0
2023-08-24,43.95,43.31,44.16,42.47,17873182.0
2023-08-25,42.96,41.7,43.18,41.5,13060405.0
2023-08-28,44.91,41.21,44.95,41.18,14111342.0
2023-08-29,40.97,43.7,44.54,40.87,22032832.0
2023-08-30,43.7,43.83,43.98,43.28,9680479.0
2023-08-31,43.8,43.3,43.8,42.81,8208048.0
2023-09-01,43.45,44.08,44.38,42.93,11116472.0
2023-09-04,43.71,44.17,44.17,43.38,8569626.0
2023-09-05,44.0,43.93,44.5,43.71,6777160.0
2023-09-06,43.69,44.58,44.65,43.42,9137185.0
2023-09-07,44.41,44.01,45.1,43.71,8925893.0
2023-09-08,43.78,44.38,44.81,43.71,8901995.0
2023-09-11,44.2,44.34,44.58,43.71,8407895.0
2023-09-12,44.14,44.42,44.88,43.94,6618922.0
2023-09-13,44.14,43.57,44.2,43.31,7119815.0
2023-09-14,43.57,43.78,43.88,43.15,5532446.0
2023-09-15,43.78,43.75,43.98,43.5,4585822.0
2023-09-18,43.49,43.7,43.87,43.31,4150964.0
2023-09-19,43.74,42.85,43.85,42.6,6625801.0
2023-09-20,42.55,42.48,43.05,42.41,3555034.0
2023-09-21,42.7,42.62,42.92,42.21,3919244.0
2023-09-22,42.49,43.28,43.43,42.23,6036170.0
2023-09-25,43.03,42.42,43.29,42.33,5548808.0
2023-09-26,42.42,42.62,43.28,42.22,6433512.0
2023-09-27,42.51,42.67,42.92,42.43,5564126.0
2023-09-28,42.7,43.15,43.15,42.61,5771158.0
2023-10-09,43.0,42.82,43.33,42.51,6888557.0
2023-10-10,43.0,45.2,45.9,42.72,17385908.0
2023-10-11,44.6,45.84,46.58,44.41,18238358.0
2023-10-12,49.98,48.08,50.0,47.3,29151814.0
2023-10-13,47.6,45.93,47.96,45.43,15289055.0
2023-10-16,45.4,46.1,47.78,45.3,12465680.0
2023-10-17,46.01,45.76,46.65,44.78,9435875.0
2023-10-18,45.27,44.2,45.6,44.18,10019205.0
2023-10-19,43.9,43.95,44.75,43.81,6960441.0
2023-10-20,43.76,44.2,44.29,43.3,6102504.0
2023-10-23,45.6,46.8,50.14,45.01,28132558.0
2023-10-24,47.02,46.01,47.43,45.11,15712332.0
2023-10-25,45.64,46.86,47.93,45.48,12903042.0
2023-10-26,46.31,46.83,47.2,45.86,9616058.0
2023-10-27,46.87,46.09,47.0,45.65,10286656.0
2023-10-30,45.63,45.74,46.08,45.23,8375736.0
2023-10-31,45.6,45.76,46.39,45.44,6922706.0
2023-11-01,45.89,44.95,45.89,44.77,7282969.0
2023-11-02,45.0,45.26,46.8,44.34,10892098.0
2023-11-03,44.95,45.36,45.6,44.55,6086130.0
2023-11-06,45.56,45.77,45.91,45.2,8153917.0
2023-11-07,45.67,45.91,46.2,45.31,8172838.0
2023-11-08,45.94,45.98,46.32,45.72,7173777.0
2023-11-09,45.82,45.29,46.06,45.23,6809731.0
2023-11-10,45.26,46.07,46.48,44.94,9537605.0
2023-11-13,45.8,46.5,46.63,45.42,9876724.0
2023-11-14,46.19,46.57,46.88,46.18,7882793.0
2023-11-15,46.36,46.79,46.98,46.17,8452183.0
2023-11-16,46.51,45.97,46.68,45.91,6735703.0
2023-11-17,45.93,45.21,46.07,45.11,7098482.0
2023-11-20,45.0,45.57,45.97,44.9,6749426.0
2023-11-21,45.46,44.92,45.6,44.83,7841049.0
2023-11-22,44.73,44.98,45.28,44.71,4655088.0
2023-11-23,44.85,45.0,45.15,44.77,4325385.0
2023-11-24,45.15,45.4,45.66,44.92,7724247.0
2023-11-27,45.15,45.1,45.43,44.75,7436569.0
2023-11-28,45.15,45.13,45.45,44.9,4926710.0
2023-11-29,45.1,44.85,45.25,44.79,4456836.0
2023-11-30,44.71,43.86,44.93,43.43,7914364.0
2023-12-01,43.96,44.63,45.2,43.9,6773211.0
2023-12-04,44.45,44.51,44.86,44.21,3951922.0
2023-12-05,44.37,44.08,44.42,43.77,4572792.0
2023-12-06,43.89,44.94,45.36,43.77,7169851.0
2023-12-07,44.89,45.7,45.96,44.82,11231953.0
2023-12-08,45.7,46.97,47.0,45.42,18356413.0
2023-12-11,46.47,46.69,46.79,46.01,7899112.0
2023-12-12,46.5,46.28,47.05,46.25,5643685.0
2023-12-13,46.4,46.25,46.88,46.21,4864575.0
2023-12-14,46.49,45.56,46.64,45.37,6084830.0
2023-12-15,45.55,45.66,46.15,45.28,4549285.0
2023-12-18,45.48,43.88,45.55,43.79,8768824.0
2023-12-19,43.67,43.2,44.07,42.81,6909173.0
2023-12-20,43.08,42.68,43.35,42.6,3664784.0
2023-12-21,42.5,43.0,43.11,42.39,3419233.0
2023-12-22,43.0,43.6,44.05,42.81,5662879.0
2023-12-25,43.38,44.08,45.25,43.38,6306411.0
2023-12-26,44.03,43.62,44.08,43.08,3990516.0
2023-12-27,43.5,42.9,43.8,42.61,4937728.0
2023-12-28,42.89,42.93,43.01,41.52,7072485.0
2023-12-29,42.51,43.75,44.16,42.51,5873535.0
2024-01-02,43.56,44.31,45.06,43.46,7699512.0
2024-01-03,44.3,43.64,44.4,43.4,4254002.0
2024-01-04,43.5,43.13,44.07,42.9,3564065.0
2024-01-05,43.15,42.54,43.33,42.1,4239086.0
2024-01-08,42.4,40.32,42.4,40.3,6320622.0
2024-01-09,40.5,39.92,40.71,39.4,6528091.0
2024-01-10,39.58,39.66,39.9,39.08,3957197.0
2024-01-11,39.59,40.55,40.63,39.55,4666776.0
2024-01-12,40.62,41.53,42.1,40.62,6733042.0
2024-01-15,41.21,40.27,41.62,40.26,4503799.0
2024-01-16,40.01,40.35,40.39,39.65,3680901.0
2024-01-17,40.1,39.19,40.53,39.19,3394944.0
2024-01-18,38.7,38.1,39.0,35.95,13123415.0
2024-01-19,37.75,37.3,37.9,37.29,4764375.0
2024-01-22,37.1,35.4,37.13,35.01,6799828.0
2024-01-23,35.3,35.89,36.05,34.93,6746257.0
2024-01-24,35.8,36.5,36.59,35.0,5958355.0
2024-01-25,36.35,38.98,39.35,36.3,11371337.0
2024-01-26,38.64,39.09,39.45,38.64,6469658.0
2024-01-29,39.0,37.52,39.0,37.52,6496058.0
2024-01-30,37.17,36.35,37.79,36.26,4874019.0
2024-01-31,37.4,36.37,39.2,36.3,11131014.0
2024-02-01,35.83,36.68,37.99,35.59,8223972.0
2024-02-02,36.53,35.39,37.3,34.65,8181725.0
2024-02-05,35.0,33.97,35.68,31.88,11003519.0
2024-02-06,33.49,36.8,36.95,33.42,10540627.0
2024-02-07,36.8,39.36,39.97,36.8,14335209.0
2024-02-08,39.36,40.11,41.09,39.25,11129749.0
2024-02-19,39.98,39.5,39.99,39.0,8179422.0
2024-02-20,39.25,40.27,40.62,38.9,6639932.0
2024-02-21,39.59,40.09,40.97,39.57,7403269.0
2024-02-22,40.09,40.74,40.94,40.09,6842924.0
2024-02-23,40.7,40.78,41.2,39.92,7229719.0
2024-02-26,40.5,42.53,43.35,40.31,12338806.0
2024-02-27,41.99,42.28,42.38,41.51,8802257.0
2024-02-28,42.03,40.77,42.59,40.77,9735902.0
2024-02-29,40.77,41.55,41.6,40.77,6779336.0
2024-03-01,41.18,41.97,42.25,41.18,6547604.0
2024-03-04,41.4,41.45,41.81,40.96,6046027.0
2024-03-05,41.48,43.5,44.06,41.42,16295356.0
2024-03-06,42.92,42.77,43.08,42.12,9279753.0
2024-03-07,43.0,42.05,43.44,41.71,7488825.0
2024-03-08,41.82,42.05,42.17,41.44,5387116.0
2024-03-11,41.42,42.8,43.77,41.42,7563885.0
2024-03-12,42.55,42.56,43.05,42.19,6782391.0
2024-03-13,42.42,43.0,43.7,42.13,9052773.0
2024-03-14,42.6,42.66,43.89,42.34,8823676.0
2024-03-15,42.9,43.03,43.08,42.32,6720378.0
2024-03-18,42.6,43.06,43.27,42.48,5840274.0
2024-03-19,43.1,43.6,44.2,42.86,9381564.0
2024-03-20,43.5,43.73,43.95,43.41,5024557.0
2024-03-21,43.49,45.06,45.28,43.42,11175582.0
2024-03-22,44.85,44.4,45.2,44.07,8717711.0
2024-03-25,43.87,41.94,44.09,41.9,9007322.0
2024-03-26,42.0,41.8,42.35,41.53,4477652.0
2024-03-27,41.91,40.34,42.8,39.75,6947314.0
2024-03-28,40.4,41.58,42.1,40.4,7047188.0
2024-03-29,42.0,42.15,42.41,41.65,5027313.0
2024-04-01,41.9,42.12,42.2,41.77,5059185.0
2024-04-02,42.06,42.27,43.09,41.82,6305748.0
2024-04-03,41.96,41.7,42.27,41.41,4095804.0
2024-04-08,41.53,40.77,41.93,40.77,4303448.0
2024-04-09,40.88,41.39,41.57,40.62,3716739.0
2024-04-10,41.06,40.2,41.2,39.96,4507418.0
2024-04-11,40.0,39.97,40.47,39.81,3059226.0
2024-04-12,40.19,40.32,41.17,40.03,4158124.0
2024-04-15,39.75,40.49,41.26,39.2,6305342.0
2024-04-16,40.0,38.17,40.32,38.17,7632127.0
2024-04-17,38.3,39.88,39.95,38.29,5502107.0
2024-04-18,39.93,40.08,40.9,39.6,5229429.0
2024-04-19,39.89,40.46,40.84,39.76,4982499.0
2024-04-22,40.05,41.03,41.47,39.75,7199661.0
2024-04-23,40.7,40.63,40.98,40.33,4635395.0
2024-04-24,40.5,41.1,41.3,40.41,4814674.0
2024-04-25,41.02,40.85,41.24,40.78,3327024.0
2024-04-26,40.86,41.6,41.61,40.75,5137163.0
2024-04-29,41.3,42.0,42.22,41.3,5447764.0
2024-04-30,42.34,42.53,43.14,42.02,6511497.0
2024-05-06,42.77,42.24,42.8,42.05,5237092.0
2024-05-07,42.42,43.16,43.92,42.12,7912831.0
2024-05-08,42.99,42.0,42.99,42.0,5406646.0
2024-05-09,41.72,43.02,43.25,41.72,7531994.0
2024-05-10,43.02,42.72,43.42,42.62,4775288.0
2024-05-13,42.49,42.1,42.81,41.89,3825068.0
2024-05-14,41.62,41.78,42.08,40.99,4242907.0
2024-05-15,41.65,42.55,43.28,41.48,6617269.0
2024-05-16,42.18,42.02,42.53,41.87,3611279.0
2024-05-17,41.38,41.82,41.95,41.13,5074984.0
2024-05-20,40.61,40.99,41.5,40.43,7194163.0
2024-05-21,40.9,40.57,41.02,40.35,3999433.0
2024-05-22,40.32,40.55,40.81,40.25,3160600.0
2024-05-23,40.67,40.6,41.16,40.55,4987676.0
2024-05-24,40.59,40.5,40.76,40.11,3860195.0
2024-05-27,40.38,40.2,40.5,39.57,4096280.0
2024-05-28,40.12,39.97,40.38,39.8,2231602.0
2024-05-29,39.84,39.98,40.21,39.82,1955580.0
2024-05-30,39.8,39.89,40.24,39.57,3017100.0
2024-05-31,39.99,40.36,40.62,39.96,3884395.0
2024-06-03,40.25,39.18,40.48,38.18,6084195.0
2024-06-04,39.2,39.44,39.61,39.0,2813650.0
2024-06-05,39.26,40.19,40.95,39.19,5612461.0
2024-06-06,40.1,39.34,40.25,39.22,3759400.0
2024-06-07,39.45,39.23,40.22,39.2,3228563.0
2024-06-11,39.11,39.55,39.68,38.66,3019552.0
2024-06-12,39.4,39.68,39.9,39.29,2271699.0
2024-06-13,39.55,39.66,40.09,39.38,3279920.0
2024-06-14,39.51,39.72,39.79,39.16,3205205.0
2024-06-17,39.53,39.8,40.03,39.5,3047100.0
2024-06-18,39.8,40.02,40.08,39.76,2444549.0
2024-06-19,40.13,39.66,40.13,39.55,2638967.0
2024-06-20,39.58,38.9,39.64,38.9,3071965.0
2024-06-21,39.16,39.53,39.89,39.15,3409930.0
2024-06-24,41.33,41.38,43.59,41.33,17538127.0
2024-06-25,41.9,40.21,42.0,39.98,9402377.0
2024-06-26,41.99,41.73,42.66,41.17,10783923.0
2024-06-27,41.09,45.38,48.87,41.06,26190531.0
2024-06-28,44.87,45.25,46.24,44.69,15247748.0
2024-07-01,45.2,44.46,45.77,44.31,9730915.0
2024-07-02,44.15,43.48,44.71,42.95,9583912.0
2024-07-03,44.0,45.24,45.81,43.38,14571203.0
2024-07-04,46.31,46.36,48.28,45.33,18690373.0
2024-07-05,47.11,49.54,50.18,46.22,25800518.0
2024-07-08,49.5,48.19,50.47,47.81,18267199.0
2024-07-09,48.5,49.74,50.19,47.43,17541882.0
2024-07-10,49.51,48.06,50.17,47.89,15033042.0
2024-07-11,48.56,48.44,49.77,47.2,14441121.0
2024-07-12,50.0,47.96,54.54,47.88,41982867.0
2024-07-15,47.95,50.88,51.46,47.51,32227934.0
2024-07-16,50.5,49.83,50.6,49.33,20586052.0
2024-07-17,49.31,47.3,49.45,47.11,19184748.0
2024-07-18,46.8,48.22,48.78,46.55,16690054.0
2024-07-19,47.63,47.98,48.18,47.16,11833868.0
2024-07-22,47.9,48.4,48.96,47.7,10868354.0
2024-07-23,48.45,46.37,48.8,46.24,12233507.0
2024-07-24,46.21,45.87,47.19,45.82,9297897.0
2024-07-25,45.0,44.73,45.33,44.2,10475493.0
2024-07-26,45.27,46.7,47.1,45.1,12494339.0
2024-07-29,46.46,47.97,48.42,46.37,13228012.0
2024-07-30,47.69,48.03,48.36,47.02,9767882.0
2024-07-31,47.7,48.58,48.87,47.46,11641000.0
2024-08-01,48.16,48.42,49.44,48.06,11139300.0
2024-08-02,48.42,48.11,48.75,47.53,8675000.0
2024-08-05,47.33,46.23,47.98,46.12,9866090.0
2024-08-06,46.97,47.09,47.18,46.44,7836039.0
2024-08-07,48.2,46.69,49.4,46.66,17235309.0
2024-08-08,46.37,44.5,46.6,44.43,14174584.0
2024-08-09,44.65,44.88,45.18,44.44,6471881.0
2024-08-12,44.68,44.21,44.68,43.9,4980211.0
2024-08-13,44.22,44.53,44.61,44.06,4079578.0
2024-08-14,44.28,43.69,44.59,43.69,5272588.0
2024-08-15,43.7,43.61,44.27,43.34,5580686.0
2024-08-16,43.63,43.23,43.77,42.86,6054731.0
2024-08-19,43.2,43.0,43.48,42.94,3646130.0
2024-08-20,43.01,42.17,43.17,41.88,5798372.0
2024-08-21,42.03,41.8,42.17,41.59,3997835.0
2024-08-22,41.64,41.45,42.08,41.18,4675648.0
2024-08-23,41.32,41.63,41.77,41.18,3444752.0
2024-08-26,41.59,40.96,41.72,40.83,5247720.0
2024-08-27,40.75,40.45,40.83,40.31,3984390.0
2024-08-28,40.37,40.89,41.21,40.3,3931842.0
2024-08-29,40.58,41.32,41.76,40.5,5629518.0
2024-08-30,41.16,41.98,42.38,41.01,6534202.0
2024-09-02,41.72,41.0,41.89,40.84,4810850.0
2024-09-03,41.26,41.39,41.83,41.02,3940586.0
2024-09-04,41.2,41.6,41.67,40.78,3967684.0
2024-09-05,41.8,42.08,42.18,41.44,3880925.0
2024-09-06,42.0,41.36,42.15,41.22,3523255.0
2024-09-09,41.09,41.15,41.66,40.68,3074112.0
2024-09-10,41.2,40.9,41.26,40.32,3204506.0
2024-09-11,40.64,40.59,40.79,40.34,2703500.0
2024-09-12,40.77,40.59,41.16,40.57,2707000.0
2024-09-13,40.71,40.59,41.19,40.55,3784532.0
2024-09-18,40.54,40.35,40.7,39.91,3206047.0
2024-09-19,40.4,40.36,40.85,39.78,4210683.0
2024-09-20,40.2,40.13,40.4,39.93,2736267.0
2024-09-23,40.0,39.85,40.43,39.83,3480500.0
2024-09-24,39.92,40.84,40.89,39.3,7352139.0
2024-09-25,40.83,41.62,42.16,40.83,8385590.0
2024-09-26,41.68,43.3,43.31,41.3,9558628.0
2024-09-27,43.35,46.15,46.56,43.35,15193894.0
2024-09-30,48.31,52.98,53.4,46.85,33180638.0
2024-10-08,62.0,63.15,63.15,56.02,49397585.0
2024-10-09,59.0,60.76,68.14,56.91,46309706.0
2024-10-10,62.97,70.0,72.91,62.0,72210727.0
2024-10-11,64.98,58.06,66.6,58.0,54398172.0
2024-10-14,63.8,69.67,69.67,63.8,66768457.0
2024-10-15,68.45,74.34,82.76,67.02,88394972.0
2024-10-16,73.0,72.0,75.58,70.14,49554899.0
2024-10-17,70.98,71.39,72.85,68.88,49592233.0
2024-10-18,71.26,73.15,77.38,67.13,57213165.0
2024-10-21,75.0,76.47,84.2,74.02,62861414.0
2024-10-22,74.7,73.88,78.5,72.88,39847550.0
2024-10-23,72.0,73.9,78.35,71.74,44283381.0
2024-10-24,74.0,72.36,74.79,72.0,24946013.0
2024-10-25,71.71,70.74,72.58,69.7,31281189.0
2024-10-28,70.74,71.63,73.6,69.49,28061328.0
2024-10-29,70.62,74.09,75.54,70.6,38823518.0
2024-10-30,74.75,77.44,82.28,74.3,46980797.0
2024-10-31,76.1,77.59,81.66,75.9,42818109.0
2024-11-01,76.58,81.0,86.3,76.36,52107530.0
2024-11-04,79.79,83.15,83.85,75.69,40086801.0
2024-11-05,88.88,93.21,94.0,86.0,59879698.0
2024-11-06,95.27,87.01,96.9,86.89,59665653.0
2024-11-07,84.6,82.58,84.76,79.28,49291288.0
2024-11-08,82.85,83.95,86.65,82.7,38899972.0
2024-11-11,83.61,84.35,84.73,80.28,28628324.0
2024-11-12,84.99,80.58,84.99,78.45,33354740.0
2024-11-13,78.6,80.81,81.97,78.59,16193401.0
2024-11-14,81.5,77.91,81.56,77.71,16440500.0
2024-11-15,77.49,72.4,77.77,72.4,29006482.0
2024-11-18,72.4,68.25,73.0,67.51,24068689.0
2024-11-19,67.9,69.2,69.38,66.42,19654166.0
2024-11-20,69.0,70.63,70.82,67.99,18967588.0
2024-11-21,70.58,69.72,70.58,69.0,12964904.0
2024-11-22,69.89,67.35,71.08,67.16,20306464.0
2024-11-25,66.4,64.64,67.45,63.22,20808098.0
2024-11-26,64.64,64.1,65.48,64.1,10484896.0
2024-11-27,65.03,68.54,69.08,63.63,24920368.0
2024-11-28,68.0,67.2,68.99,66.9,14298090.0
2024-11-29,66.5,68.8,69.3,65.74,17248379.0
2024-12-02,68.14,68.8,69.0,67.61,15268485.0
2024-12-03,68.68,67.82,68.77,66.9,12043708.0
2024-12-04,67.23,67.55,68.97,66.96,11415911.0
2024-12-05,67.61,67.62,68.5,66.88,10637992.0
2024-12-06,67.29,68.8,69.3,67.2,14205135.0
2024-12-09,68.09,67.02,68.3,66.55,11553302.0
2024-12-10,69.31,67.58,69.36,67.5,11954340.0
2024-12-11,67.0,68.71,68.79,66.9,10357957.0
2024-12-12,68.71,72.5,72.7,68.68,26801822.0
2024-12-13,71.4,71.77,72.9,70.32,18566031.0
2024-12-16,71.19,69.22,71.47,69.2,10748114.0
2024-12-17,70.0,70.68,73.26,70.0,15471761.0
2024-12-18,72.74,74.59,77.52,72.11,25403737.0
2024-12-19,73.0,74.22,75.0,71.9,16398069.0
2024-12-20,74.0,77.56,78.5,74.0,24579910.0
2024-12-23,76.73,75.59,77.48,75.37,17814038.0
2024-12-24,75.29,69.35,77.56,65.0,19184250.0
2024-12-25,71.09,72.96,74.25,70.61,26798291.0
2024-12-26,72.51,73.08,75.26,71.48,18231957.0
2024-12-27,81.3,77.4,83.8,76.7,41550458.0
2024-12-30,78.0,74.15,78.99,73.81,25577682.0
2024-12-31,73.25,71.78,74.0,71.08,18240700.0
2025-01-02,71.01,67.24,71.48,66.75,16742519.0
2025-01-03,66.9,63.66,67.87,63.65,15779447.0
2025-01-06,62.53,62.01,64.38,61.45,11728995.0
2025-01-07,64.0,65.45,66.3,63.63,15454383.0
2025-01-08,64.94,65.0,65.88,62.56,12855172.0
2025-01-09,64.03,68.06,69.6,64.03,18573945.0
2025-01-10,66.95,65.93,68.55,65.91,11796300.0
2025-01-13,67.0,64.72,67.87,64.58,9577323.0
2025-01-14,64.61,67.68,67.68,64.53,13595373.0
2025-01-15,67.37,66.58,67.9,66.41,8097000.0
2025-01-16,66.93,66.15,67.56,65.98,8256211.0
2025-01-17,66.62,69.4,71.52,65.89,18651310.0
2025-01-20,70.13,72.24,73.31,70.05,16091753.0
2025-01-21,72.8,71.8,72.86,70.2,11538979.0
2025-01-22,71.71,70.26,71.71,69.2,9205188.0
2025-01-23,70.34,67.96,71.38,67.9,12711510.0
2025-01-24,68.0,68.53,69.69,67.36,9716710.0
2025-01-27,68.53,66.0,68.99,65.82,10044945.0
2025-02-05,66.4,65.57,66.52,64.5,8732871.0
2025-02-06,65.88,69.86,70.0,65.3,17204724.0
2025-02-07,69.86,70.11,71.09,68.8,15311391.0
2025-02-10,70.12,70.9,71.95,69.93,13203300.0
2025-02-11,71.01,70.0,71.8,69.74,10252343.0
2025-02-12,69.5,70.7,70.75,69.43,8925065.0
2025-02-13,70.93,72.3,73.37,70.11,19602146.0
2025-02-14,71.89,72.18,73.98,71.07,16359576.0
2025-02-17,73.4306985,67.50502575,73.4306985,64.52730075,17537251.0
2025-02-18,67.4951,63.5446515,67.50502575,63.167473,17954337.0
2025-02-19,62.532225,65.4106925,66.6017825,62.532225,12657189.0
2025-02-20,64.755593,65.0136625,65.50995,63.7431665,11160587.0
2025-02-21,64.517375,65.311435,66.1650495,64.1401965,12382876.0
2025-02-24,65.5695045,64.31886,65.5695045,64.0210875,10196162.0
2025-02-25,63.5248,63.3461365,64.120345,63.31635925,8796572.0
2025-02-26,63.41561675,62.99873525,63.6240575,62.68111125,8780504.0
2025-02-27,62.99873525,62.34363575,63.95160725,61.53965,9911691.0
2025-02-28,61.78779375,60.74559,62.24437825,60.74559,9767246.0
2025-03-03,61.39076375,59.46516825,61.50987275,58.919252,12113874.0
2025-03-04,59.475094,62.52229925,63.21710175,59.3758365,16367935.0
2025-03-05,61.53965,61.92675425,62.40319025,61.29150625,8467711.0
2025-03-06,61.9168285,62.52229925,62.8299975,61.56942725,9163718.0
2025-03-07,62.135195,63.207176,64.954108,61.7580165,14777307.0
2025-03-10,63.12777,62.76051725,64.6960385,62.571928,8043843.0
2025-03-11,61.78779375,63.5843545,64.11041925,61.56942725,8651725.0
2025-03-12,63.4255425,62.7505915,64.120345,62.532225,9138668.0
2025-03-13,62.691037,61.68853625,62.9094035,61.341135,6348487.0
2025-03-14,61.53965,62.0756405,62.44289325,61.1227685,6594688.0
2025-03-17,62.055789,62.214601,62.8299975,61.84734825,5317950.0
2025-03-18,62.33371,62.1153435,62.5123735,61.58927875,4856562.0
2025-03-19,61.86719975,61.261729,62.08556625,61.1227685,4977242.0
2025-03-20,61.25180325,61.7183135,62.83992325,60.95403075,6655795.0
2025-03-21,61.14262,60.67610975,62.1947495,60.626481,6958606.0
2025-03-24,60.89447625,59.78279225,61.341135,59.20709875,6003000.0
2025-03-25,59.753015,60.33863425,60.89447625,59.54457425,5528203.0
2025-03-26,60.31878275,60.49744625,60.547075,60.02101025,3757100.0
2025-03-27,60.3287085,60.89447625,60.944105,59.911827,4657022.0
2025-03-28,60.34856,59.435391,60.8448475,59.32620775,6909633.0
2025-03-31,58.76044,58.561925,59.42546525,58.36341,5146423.0
2025-04-01,59.2170245,60.150045,60.49744625,59.1376185,7909682.0
2025-04-02,59.753015,59.44531675,60.34856,59.236876,4555029.0
2025-04-03,58.9788065,59.078064,59.6934605,58.8596975,3462775.0
2025-04-07,56.576775,50.9985035,57.99615725,50.02578,14423402.0
2025-04-08,51.693306,54.10526325,54.5320705,51.693306,12030424.0
2025-04-09,53.678456,58.839846,59.2567275,53.4997925,17304310.0
2025-04-10,58.81006875,58.79021725,59.475094,57.56935,11919985.0
2025-04-11,58.07556325,58.39318725,59.00858375,57.46016675,9621084.0
2025-04-14,58.3832615,58.958955,59.00858375,57.87704825,7731459.0
2025-04-15,58.7802915,58.1450435,58.90932625,57.79764225,6117062.0
2025-04-16,58.27407825,58.21452375,59.40561375,57.688459,5366600.0
2025-04-17,58.244301,58.2641525,58.88947475,58.045786,4544000.0
2025-04-18,58.164895,57.370835,58.164895,56.94402775,4635170.0
2025-04-21,57.370835,58.085489,58.7008855,57.34105775,5320495.0
2025-04-22,57.81749375,58.045786,58.75051425,57.73808775,3811181.0
2025-04-23,58.11526625,58.53214775,58.69095975,57.9862315,4447536.0
2025-04-24,58.69095975,57.5494985,58.76044,57.529647,3976667.0
2025-04-25,57.83734525,58.958955,59.5346485,57.529647,7332700.0
2025-04-28,59.2567275,60.8845505,61.460244,58.96888075,13517338.0
2025-04-29,57.56935,57.67853325,59.44531675,57.0730625,11667584.0
2025-04-30,57.56935,58.31378125,58.7008855,57.55942425,6997039.0
2025-05-06,58.8596975,58.79021725,59.20709875,58.085489,8377507.0
2025-05-07,62.4329675,68.81522475,70.552231,61.0433625,63844321.0
2025-05-08,69.48025,82.58224,82.58224,68.8251505,95011613.0
2025-05-09,87.3466,79.286891,88.220066,78.135504,108291361.0
2025-05-12,77.42085,95.1482395,95.1482395,77.103226,108062850.0
2025-05-13,94.95965025,88.0811055,96.82569125,86.28454475,100251251.0
2025-05-14,88.339175,89.67915125,92.8057625,86.1356585,78814092.0
2025-05-15,87.227491,86.40365375,90.641949,83.68399825,67149284.0
2025-05-16,85.36145,85.440856,88.98434875,84.8651625,49698110.0
2025-05-19,86.94957,86.55254,90.31439925,85.01404875,59284583.0
2025-05-20,84.7460535,79.69384675,85.6592225,79.63429225,62270105.0
2025-05-21,79.29681675,81.351447,82.18521,78.61194,43346235.0
2025-05-22,80.88493675,80.2596145,84.96442,80.001545,48592243.0
2025-05-23,81.40107575,79.604515,81.99662075,79.11815325,27857850.0
2025-05-26,79.71369825,78.66156875,80.07102525,77.9171375,20665805.0
2025-05-27,79.207485,78.7906035,79.79310425,77.98661775,25714031.0
2025-05-28,78.00646925,77.27196375,79.1876335,76.83523075,25202262.0
2025-05-29,76.25953725,76.984117,77.5995135,76.00146775,19508109.0
2025-05-30,77.262038,76.1702055,77.53003325,75.475403,20570979.0
2025-06-03,76.14042825,76.97419125,79.5449605,76.1305025,27884313.0
2025-06-04,76.43820075,76.63671575,77.301741,75.88235875,16679292.0
2025-06-05,76.49775525,77.9965435,79.1082275,75.8922845,26290957.0
2025-06-06,80.20006,81.06360025,85.6989255,79.55488625,44988092.0
2025-06-09,81.272041,82.820458,85.282044,80.8948625,36620875.0
2025-06-10,81.46063025,79.23726225,81.470556,78.810455,26504859.0
2025-06-11,78.66156875,79.286891,79.85265875,78.06602375,15080104.0
2025-06-12,78.54245975,78.5126825,79.37622275,78.135504,12840687.0
2025-06-13,80.001545,87.3466,91.991851,78.8700095,65844114.0
2025-06-16,86.354025,87.148085,90.4235825,84.06117675,48412788.0
2025-06-17,86.363856,84.7755552,87.56500848,84.25935744,28775793.0
2025-06-18,84.85497024,88.27974384,93.19354944,84.65643264,46948883.0
2025-06-19,85.9667808,85.65904752,88.26981696,83.64389088,30724080.0
2025-06-20,84.16008864,82.77032544,85.06343472,82.28390832,19365349.0
2025-06-23,83.385792,84.17001552,84.41818752,82.38317712,16608480.0
2025-06-24,81.0,80.3,82.66,79.4,27125172.0
2025-06-25,80.0,81.5,83.36,79.79,25121776.0
2025-06-26,81.46,82.12,84.13,81.0,24090002.0
2025-06-27,82.0,82.2,83.48,81.0,18986712.0
2025-06-30,83.58,87.94,90.3,83.51,39751445.0
2025-07-01,86.75,85.95,87.6,85.31,26236987.0
2025-07-02,85.0,84.1,85.68,83.64,15474270.0
2025-07-03,84.36,83.75,84.7,83.36,11289696.0
2025-07-04,83.75,84.4,85.58,83.01,15099572.0
2025-07-07,84.4,83.5,84.93,82.8,11212627.0
2025-07-08,83.05,83.52,83.68,83.05,9852645.0
2025-07-09,84.71,84.32,87.42,84.02,22909893.0
2025-07-10,83.3,83.16,83.34,81.55,16501898.0
2025-07-11,83.0,84.02,85.2,82.56,13620853.0
2025-07-14,83.98,83.83,84.66,83.16,8998058.0
2025-07-15,83.4,82.32,83.66,82.1,10946298.0
2025-07-16,82.15,82.59,82.98,81.89,8610752.0
2025-07-17,82.49,85.98,87.15,82.25,26922649.0
2025-07-18,85.32,86.59,87.5,84.9,23889580.0
2025-07-21,85.91,88.0,89.7,84.95,23090605.0
2025-07-22,87.1,86.73,88.99,85.71,18766278.0
2025-07-23,85.94,85.22,86.6,84.97,12954139.0
2025-07-24,84.97,86.06,87.66,84.97,12986781.0
2025-07-25,86.01,85.29,86.08,84.56,10083466.0
2025-07-28,85.26,85.75,86.75,85.11,13599678.0
2025-07-29,85.24,87.5,87.6,84.8,17734013.0
2025-07-30,87.5,84.99,88.51,83.88,18496536.0
2025-07-31,84.0,84.66,85.55,83.81,12401668.0
2025-08-01,84.4,82.3,84.4,82.28,12787210.0
2025-08-04,82.02,84.42,84.5,82.0,11739770.0
2025-08-05,84.41,84.78,86.0,83.82,12648074.0
2025-08-06,84.22,88.82,92.37,84.18,34454601.0
2025-08-07,87.81,86.31,88.48,85.71,20746648.0
2025-08-08,86.0,84.94,86.59,84.9,11957232.0
2025-08-11,84.78,85.13,86.08,84.7,11046589.0
2025-08-12,85.0,85.62,86.77,84.14,16027320.0
2025-08-13,85.05,85.7,86.22,84.96,13405842.0
2025-08-14,85.58,84.33,85.58,84.0,12153694.0
2025-08-15,84.45,84.78,84.84,84.01,11092571.0
2025-08-18,84.77,85.87,86.0,84.63,18524459.0
2025-08-19,85.69,86.45,87.5,84.27,19467077.0
2025-08-20,86.27,87.78,91.66,85.81,33179150.0
2025-08-21,86.8,90.11,90.58,86.06,29872651.0
2025-08-22,90.3,99.36,101.0,87.86,48083667.0
2025-08-25,99.5,101.3,108.93,98.61,45804679.0
2025-08-26,99.79,98.42,101.83,97.88,29150191.0
2025-08-27,97.55,99.42,102.17,97.03,30525515.0
2025-08-28,96.98,94.64,96.98,90.98,38872294.0
2025-08-29,94.99,101.95,102.62,93.68,36531769.0
2025-09-01,102.2,105.59,108.88,97.85,37904015.0
2025-09-02,104.0,106.22,109.8,101.45,35974531.0
2025-09-03,107.0,90.99,107.88,90.0,44547645.0
2025-09-04,89.01,83.0,90.12,81.0,39165467.0
2025-09-05,82.29,82.73,84.28,81.55,23481700.0
2025-09-08,82.2,81.25,82.95,80.0,19756509.0
2025-09-09,81.3,79.5,82.16,79.5,16498131.0
2025-09-10,80.0,80.59,81.59,79.88,13905023.0
2025-09-11,80.64,82.81,83.5,79.77,17025603.0
2025-09-12,82.56,82.94,84.4,82.4,16853198.0
2025-09-15,82.98,81.61,82.99,81.4,12049862.0
2025-09-16,81.56,81.78,82.45,80.28,11062822.0
2025-09-17,82.25,81.69,82.25,81.07,9820891.0
2025-09-18,81.69,82.11,83.87,81.38,18647388.0
2025-09-19,82.6,85.67,89.0,82.31,30038516.0
2025-09-22,84.69,85.18,85.5,83.37,16946484.0
2025-09-23,85.3,83.26,85.77,81.7,15823795.0
2025-09-24,82.6,84.97,85.55,82.04,15075279.0
2025-09-25,84.3,85.74,86.6,83.6,15353928.0
2025-09-26,85.97,88.07,90.74,85.47,27213022.0
2025-09-29,87.2,86.69,87.9,85.66,15151407.0
2025-09-30,86.76,90.15,91.6,85.97,29190314.0
2025-10-09,89.0,90.24,91.0,86.78,22683511.0
2025-10-10,89.02,91.32,94.59,89.02,26823695.0
2025-10-13,88.9,90.6,92.88,88.33,19855513.0
2025-10-14,90.0,86.73,90.88,86.49,20816118.0
2025-10-15,86.73,86.1,86.73,83.5,14874109.0
2025-10-16,91.01,89.71,94.0,89.03,30242331.0
2025-10-17,87.99,86.0,89.0,85.9,19779264.0
2025-10-20,87.0,87.71,89.38,86.38,15644105.0
2025-10-21,87.3,87.19,88.35,86.16,14270117.0
2025-10-22,86.8,84.57,86.8,84.5,12349685.0
2025-10-23,84.53,84.98,85.68,83.69,9671709.0
2025-10-24,85.34,86.01,87.65,85.32,13040232.0
2025-10-27,86.02,86.45,86.68,85.44,11236943.0
2025-10-28,86.31,89.99,91.88,85.6,29255515.0
2025-10-29,90.13,88.68,90.52,87.77,21795130.0
2025-10-30,88.12,85.9,88.15,85.0,16968208.0
2025-10-31,86.08,84.75,86.39,84.59,12475177.0
2025-11-03,84.75,84.71,84.75,83.0,10004612.0
2025-11-04,84.5,83.27,84.83,83.0,7807531.0
2025-11-05,82.51,83.35,83.69,82.35,5643720.0
2025-11-06,83.45,84.28,84.52,83.02,7235263.0
2025-11-07,83.89,82.96,83.89,82.79,7945033.0
2025-11-10,82.96,82.14,82.96,81.53,7349595.0
2025-11-11,82.01,80.57,82.28,80.11,9178279.0
2025-11-12,80.58,80.89,81.2,80.13,6245621.0
2025-11-13,80.89,81.06,81.13,80.2,5472437.0
2025-11-14,80.8,82.12,82.86,80.64,10001685.0
2025-11-17,84.39,83.55,85.89,83.48,18362095.0
2025-11-18,82.5,81.1,82.5,80.71,9984992.0
2025-11-19,81.13,82.52,84.17,81.11,12013216.0
2025-11-20,81.6,80.97,81.99,80.88,8130660.0
2025-11-21,80.01,79.8,82.48,79.5,10581693.0
2025-11-24,79.8,83.2,83.56,79.8,15673869.0
2025-11-25,81.9,81.78,82.26,81.0,11505348.0
2025-11-26,81.11,80.06,81.55,80.0,11164263.0
2025-11-27,80.07,80.03,80.6,79.8,5770987.0
2025-11-28,80.6,80.22,80.6,80.0,5323241.0
2025-12-01,80.0,80.21,80.5,79.88,5943012.0
2025-12-02,80.14,80.0,80.44,79.8,5287521.0
2025-12-03,79.85,77.53,80.09,77.5,10536168.0
2025-12-04,77.48,77.61,78.08,77.23,5904355.0
2025-12-05,77.61,78.29,78.4,76.7,6402217.0
2025-12-08,78.29,78.21,79.0,77.92,6978480.0
2025-12-09,77.9,77.12,78.17,76.91,7431339.0
2025-12-10,77.15,77.31,77.66,76.86,5234468.0
2025-12-11,77.2,76.41,77.36,76.28,5874948.0
2025-12-12,76.5,75.99,76.6,75.5,5906322.0
2025-12-15,75.8,74.58,75.99,74.51,8619877.0
2025-12-16,74.3,73.33,74.32,72.2,8196016.0
2025-12-17,76.81,77.81,81.4,76.81,23550416.0
2025-12-18,76.01,76.2,77.83,75.57,12374769.0
2025-12-19,76.7,76.69,77.6,76.08,7534601.0
2025-12-22,76.7,76.25,76.99,75.9,6815547.0
2025-12-23,76.23,75.19,76.37,74.71,7700882.0
2025-12-24,75.08,76.36,77.09,74.79,8176487.0
2025-12-25,76.21,78.65,79.75,76.2,16835935.0
2025-12-26,78.5,77.96,78.9,77.12,11074740.0
2025-12-29,78.44,79.93,82.28,77.42,17579260.0
2025-12-30,80.0,78.94,81.0,78.58,14248676.0
2025-12-31,78.95,79.0,81.0,77.5,13193139.0
2026-01-05,80.57,80.37,80.98,79.0,16881273.0
2026-01-06,79.85,81.82,82.38,79.68,18821918.0
2026-01-07,81.5,80.19,81.6,80.16,12874389.0
2026-01-08,80.01,82.89,83.8,79.81,24387504.0
2026-01-09,83.94,86.05,89.53,83.2,35170988.0
2026-01-12,86.44,88.01,89.0,85.52,30079403.0
2026-01-13,86.5,82.85,86.57,82.3,25057636.0
2026-01-14,83.0,82.27,85.06,81.4,19633350.0
2026-01-15,82.27,83.09,85.38,82.1,18933306.0
2026-01-16,82.9,81.06,82.9,80.21,18200781.0
2026-01-19,80.49,82.83,84.0,80.2,17975512.0
2026-01-20,82.0,80.17,83.14,80.04,13221420.0
2026-01-21,80.01,80.21,80.97,79.8,9239230.0
2026-01-22,80.1,81.07,81.86,80.05,11066122.0
2026-01-23,80.8,80.6,80.8,79.72,11343632.0
2026-01-26,80.65,78.49,80.85,78.4,11389398.0
2026-01-27,79.9,80.45,81.2,78.52,15390734.0
2026-01-28,80.03,79.95,81.8,79.57,13048721.0
2026-01-29,79.5,78.69,79.9,78.51,10503824.0
2026-01-30,78.2,77.58,78.79,76.35,9407470.0
2026-02-02,77.8,76.03,77.98,75.9,7636745.0
2026-02-03,76.32,76.97,77.16,76.13,7762725.0
2026-02-04,76.57,78.3,79.28,76.5,10706547.0
2026-02-05,77.78,77.43,78.99,77.01,6513558.0
2026-02-06,76.8,76.64,77.35,76.01,5885445.0
2026-02-09,77.29,77.35,77.77,76.88,6643246.0
2026-02-10,77.6,78.13,78.67,77.4,7597734.0
2026-02-11,78.0,77.52,78.25,77.5,5177457.0
2026-02-12,77.3,76.62,77.51,76.61,6415102.0
2026-02-13,76.96,79.46,80.5,76.96,17465789.0
2026-02-24,79.36,81.08,81.6,78.49,14463451.0
2026-02-25,80.27,80.22,80.9,79.46,10028490.0
2026-02-26,79.8,79.94,80.49,79.18,8127504.0
2026-02-27,79.71,79.56,80.31,78.88,7965984.0
